1.00,1.33,1.20,1.00
10.89,10.04,10.41,2.00
100.14,100.69,100.68,3.00
1.57,1.45,1.32,1.00
10.08,10.71,10.75,2.00
100.58,100.17,100.50,3.00
1.77,1.49,1.58,1.00
10.83,10.33,10.06,2.00
100.16,100.31,100.72,3.00
1.10,1.22,1.43,1.00
10.89,10.42,10.78,2.00
100.81,100.95,100.73,3.00
1.84,1.62,1.86,1.00
10.02,10.23,10.79,2.00
100.66,100.31,100.53,3.00
1.86,1.20,1.70,1.00
10.39,10.97,10.22,2.00
100.14,100.74,100.45,3.00
1.84,1.76,1.94,1.00
10.19,10.31,10.08,2.00
100.39,100.02,100.19,3.00
1.12,1.74,1.73,1.00
10.08,10.18,10.88,2.00
100.42,100.67,100.28,3.00
1.13,1.51,1.42,1.00
10.30,10.58,10.20,2.00
100.39,100.48,100.65,3.00
1.61,1.79,1.08,1.00
10.21,10.39,10.92,2.00
100.86,100.26,100.74,3.00
1.50,1.59,1.56,1.00
10.06,10.10,10.63,2.00
100.96,100.67,100.89,3.00
1.59,1.07,1.85,1.00
10.20,10.69,10.27,2.00
100.97,100.12,100.08,3.00
1.01,1.68,1.38,1.00
10.13,10.85,10.18,2.00
100.52,100.01,100.89,3.00
1.95,1.62,1.83,1.00
10.54,10.13,10.13,2.00
100.29,100.18,100.76,3.00
1.30,1.94,1.80,1.00
10.75,10.47,10.65,2.00
100.58,100.02,100.18,3.00
1.74,1.41,1.23,1.00
10.79,10.22,10.48,2.00
100.23,100.82,100.73,3.00
1.77,1.71,1.83,1.00
10.14,10.59,10.38,2.00
100.02,100.58,100.64,3.00
1.51,1.35,1.58,1.00
10.04,10.25,10.48,2.00
100.70,100.06,100.63,3.00
1.52,1.38,1.83,1.00
10.73,10.48,10.77,2.00
100.73,100.85,100.37,3.00
1.77,1.32,1.77,1.00
10.86,10.84,10.48,2.00
100.66,100.90,100.04,3.00
1.09,1.60,1.80,1.00
10.27,10.38,10.04,2.00
100.94,100.37,100.63,3.00
1.51,1.10,1.79,1.00
10.21,10.24,10.86,2.00
100.78,100.31,100.85,3.00
1.51,1.14,1.00,1.00
10.30,10.75,10.76,2.00
100.19,100.69,100.12,3.00
1.26,1.18,1.05,1.00
10.75,10.63,10.13,2.00
100.22,100.81,101.00,3.00
1.12,1.77,1.02,1.00
10.01,10.15,10.97,2.00
100.36,100.95,100.55,3.00
1.26,1.18,1.76,1.00
10.45,10.35,10.54,2.00
100.36,100.38,100.77,3.00
1.21,1.72,1.65,1.00
10.86,10.11,10.42,2.00
100.89,100.75,100.80,3.00
1.34,1.33,1.86,1.00
10.69,10.45,10.99,2.00
100.23,100.00,100.61,3.00
1.43,1.40,1.51,1.00
10.02,10.21,10.39,2.00
100.25,100.28,100.11,3.00
1.51,1.19,1.04,1.00
10.11,10.57,10.42,2.00
100.19,100.20,100.66,3.00
1.80,1.98,1.56,1.00
10.33,10.23,10.26,2.00
100.21,100.77,100.40,3.00
1.70,1.57,1.77,1.00
10.59,10.07,10.90,2.00
100.95,100.43,100.10,3.00
1.04,1.12,1.68,1.00
10.11,10.94,10.46,2.00
100.43,100.98,100.13,3.00
1.31,1.93,1.10,1.00
10.84,10.10,10.50,2.00
100.70,100.54,100.28,3.00
1.99,1.93,1.99,1.00
10.75,10.82,10.91,2.00
100.37,100.89,100.51,3.00
1.34,1.04,1.44,1.00
10.42,10.40,10.98,2.00
100.87,100.65,100.99,3.00
1.72,1.87,1.76,1.00
10.46,10.54,10.64,2.00
100.97,100.88,100.60,3.00
1.15,1.79,1.13,1.00
10.60,10.82,10.84,2.00
100.69,100.40,100.51,3.00
1.94,1.76,1.77,1.00
10.77,10.09,10.04,2.00
100.89,100.12,100.34,3.00
1.91,1.48,1.58,1.00
10.20,10.19,10.28,2.00
100.02,100.68,100.65,3.00
1.69,1.16,1.07,1.00
10.18,10.93,10.17,2.00
100.72,100.33,100.67,3.00
1.23,1.13,1.82,1.00
10.96,10.05,10.87,2.00
100.70,100.38,100.80,3.00
1.67,1.12,1.20,1.00
10.63,10.77,10.56,2.00
100.82,100.17,100.80,3.00
1.93,1.41,1.16,1.00
10.60,10.60,10.38,2.00
100.81,100.92,100.41,3.00
1.50,1.73,1.04,1.00
10.40,10.70,10.20,2.00
100.51,100.39,100.90,3.00
1.44,1.90,1.38,1.00
10.39,10.81,10.03,2.00
100.16,100.79,100.23,3.00
1.82,1.66,1.41,1.00
10.55,10.79,11.00,2.00
100.66,100.60,100.61,3.00
1.21,1.89,1.98,1.00
10.43,10.96,10.68,2.00
100.33,100.86,100.90,3.00
1.12,1.44,1.41,1.00
10.93,10.48,10.38,2.00
100.03,100.52,100.29,3.00
1.84,1.31,1.72,1.00
10.70,10.77,10.05,2.00
100.82,100.63,100.92,3.00
